6.333360396536635
2.4202116767079884
6.586629685323181
7.152363912994262
7.890767632200629
0.7396513558228845
9.90700614436968
4.792346997726263
4.008050973293736
5.066126430295091
9.203921844782958
6.9170886589810765
5.436452033874777
7.9072091704925915
3.5952949301625994
8.95501515360899
5.369059860245878
6.381803670108411
0.8498193405098775
7.689540479200405
6.576016445807657
3.5500881944848963
6.469998479834043
0.44296693527849595
9.836082059519827
6.774718958641857
3.996177462250823
7.526827777296058
9.657167777138282
4.304555438901822
0.10547772784579967
2.5873837040365544
5.106762405250446
5.187977668493495
5.805182955240041
5.752353982704261
4.457785515049068
3.911341686775028
7.7234223246243205
5.8858995654014725
5.004657816197345
3.449673875995183
0.2456265302576932
1.0454935800606169
4.159754285257126
9.617278656799703
1.1606933795897467
9.40676158146193
1.4167517683154829
3.1189034389754147
4.553326352258771
2.068673262083145
4.829259987793884
4.761625312091635
4.381659382730271
6.9676326552366605
3.189094742177004
3.002640831819403
8.10185936918698
1.1508526669878594
8.491800080469098
6.479699172777137
6.77139332890884
1.6435409285070324
9.839004705882779
2.439129465519927
1.7445323282413394
1.601357112153593
5.598489524898631
9.584626217339498
2.3185554741141035
4.050474362802529
1.8445177515139366
6.404788766600781
4.321344524292825
0.2919227434239058
6.141069373719198
1.9732443578224634
5.922031583603683
3.8883578035570707
7.047356159597344
2.057844793673219
7.5232549536049165
8.087297886312609
0.6256375146916437
1.0175204872714239
8.719793300098852
1.869598356320934
3.259849115988185
4.575504222061855
2.623533954523609
8.626365474573074
5.277150196277827
6.391085856661506
5.969708292829935
6.113084211390019
5.87004714565218
3.479246374367544
8.455178026695592
6.1736267933642495
